0 75.9503
1 76.097
2 66.7274
3 57.72
4 52.6349
5 28.1747
6 164.223
7 155.462
8 131.992
9 71.2618
10 144.07
11 132.718
12 162.419
13 250.437
14 218.371
15 203.612
16 169.257
17 164.843
18 339.081
19 229.655
20 177.959
21 310.419
22 307.91
23 243.211
24 206.019
25 154.523
26 97.023
27 115.759
28 113.953
29 116.37
30 102.173
31 89.4351
32 78.4869
33 79.1882
34 84.9735
35 85.0981
36 106.385
37 110.811
38 117.676
39 148.143
40 117.286
41 32.042
42 11.7582
43 -92.8081
44 -125.364
45 -137.59
46 -117.154
47 -98.0142
48 -93.9808
49 -34.5047
50 -79.2332
51 -75.6733
52 -84.5297
53 -55.9517
54 -58.2186
55 -49.4092
56 -37.1445
57 -9.36844
58 12.062
59 113.01
60 47.5761
61 62.4344
62 118.713
63 123.687
64 58.2681
65 -8.012
66 -18.5466
67 -98.2121
68 -129.641
69 -112.544
70 -67.7619
71 -82.0112
72 -63.6629
73 -2.14577
74 14.3599
75 -46.9597
76 -44.7974
77 -51.5822
78 -134.6
79 -137.506
80 23.0254
81 -98.804
82 -118.169
83 -14.9872
84 -62.782
85 -47.1448
86 -270.657
87 -176.881
88 -45.3104
89 29.8696
90 4.65441
91 -1.6637
92 -147.944
93 -401.406
94 -366.705
95 -226.276
96 -212.113
97 -182.827
98 -154.505
99 -127.118
100 -117.671
101 -105.085
102 -79.1024
103 -67.4345
104 -60.3953
105 -53.6361
106 -43.2281
107 -48.0145
108 -53.7291
109 -36.8915
110 -24.5346
111 -40.393
112 -71.2411
113 131.982
114 109.58
115 118.208
116 121.325
117 341.009
118 200.056
119 197.889
120 18.3403
121 38.5378
122 57.8521
123 56.1219
124 36.897
125 30.8092
126 64.3742
127 10.7408
128 -22.3841
129 30.3965
130 60.837
131 25.4696
132 -21.8099
133 -64.1431
134 -63.5076
135 -36.966
136 -20.0403
137 -3.37219
138 -192.47
139 -212.203
140 -2.35577
141 -160.279
142 -224.884
143 -183.472
144 -177.121
145 -289.113
146 -270.818
147 -238.299
148 -87.6479
149 -128.131
150 -180.079
151 -142.184
152 -23.9198
153 6.21973
154 -34.3234
155 -177.705
156 -236.007
157 -262.17
158 -28.2293
159 -34.1483
160 25.4157
161 70.6671
162 27.0757
163 11.2789
164 151.98
165 107.043
166 77.3487
167 32.444
168 26.8646
169 19.6209
170 7.80891
171 -121.775
172 -1.67308
173 41.3004
174 42.6837
175 7.75893
176 70.812
177 156.031
178 85.304
179 138.144
180 72.9603
181 129.566
182 45.8495
183 60.3522
184 218.775
185 238.559
186 43.7805
187 48.1021
188 24.3935
189 70.8357
190 -33.3077
191 -42.1924
192 -104.818
193 7.47789
194 71.3961
195 69.4748
196 116.713
197 115.039
198 105.02
199 256.864
200 284.173
201 272.912
202 178.69
203 119.363
204 115.74
205 189.087
206 172.173
207 144.63
208 111.602
209 117.594
210 82.1924
211 117.864
212 121.822
213 108.046
214 96.9896
215 78.9432
216 101.313
217 55.2194
218 183.186
219 58.6299
220 107.36
221 94.8184
222 -49.107
223 -372.329
224 -259.514
225 -178.771
226 -154.205
227 -261.963
228 -364.352
229 -249.246
230 -207.379
231 -157.284
232 -150.772
233 -135.867
234 -125.295
235 -117.81
236 -129.197
237 -113.293
238 -88.3967
239 -30.8732
240 -25.8818
241 -23.3473
242 -41.4087
243 -16.1206
244 15.5939
245 -2.46874
246 -53.7079
