0 -3229
1 -3218.55
2 -3221.85
3 -3224.7
4 -3223.6
5 -3247.6
6 -3051.75
7 -3039.1
8 -3052.3
9 -3121.05
10 -3016.8
11 -3046.4
12 -3005.25
13 -2873.7
14 -2863.95
15 -2835.9
16 -2847.65
17 -2820.25
18 -2221.5
19 -2354.65
20 -2420.4
21 -1608
22 -1037.15
23 -1042.6
24 -1027.3
25 -1255.85
26 -1614.5
27 -1374.9
28 -1293.9
29 -1180.15
30 -1208.85
31 -1236.85
32 -1256.5
33 -1191.7
34 -1096.3
35 -1047.65
36 -888.5
37 -861.65
38 -794.6
39 -665.8
40 -841.05
41 -1027.6
42 -1073.5
43 -1318.3
44 -1421.2
45 -1474.85
46 -1394.25
47 -1348.85
48 -1344.4
49 -1212.8
50 -1321.45
51 -1319.3
52 -1346.75
53 -1285.75
54 -1302.4
55 -1293.85
56 -1281.25
57 -1235.3
58 -1212.9
59 -1092.75
60 -1223.9
61 -1226.7
62 -1190.7
63 -1175
64 -1226.4
65 -1270.95
66 -1271.05
67 -1319.05
68 -1337.8
69 -1334.75
70 -1305.1
71 -1313.55
72 -1298.1
73 -1259.85
74 -1247.35
75 -1282.8
76 -1281.55
77 -1288.3
78 -1346.65
79 -1344.55
80 -1268.5
81 -1331.25
82 -1343.8
83 -1303.9
84 -1322.6
85 -1319.95
86 -1411.2
87 -1386.55
88 -1334.15
89 -1302.85
90 -1313.2
91 -1315.8
92 -1380.9
93 -1748.95
94 -2052.1
95 -1892.9
96 -1956.2
97 -1958.35
98 -1939.05
99 -1903.65
100 -1913.5
101 -1909.4
102 -1857.85
103 -1846.75
104 -1848.3
105 -1850.35
106 -1840.65
107 -1872.45
108 -1906.15
109 -1886.15
110 -1880.6
111 -1919.15
112 -1938.35
113 -1832.55
114 -1847.4
115 -1839.6
116 -1834.3
117 -1678.95
118 -1738.55
119 -1718.35
120 -1832.2
121 -1815.2
122 -1800.05
123 -1798.45
124 -1808.55
125 -1810.4
126 -1786
127 -1817.65
128 -1834.35
129 -1798.65
130 -1776.4
131 -1791.7
132 -1807.45
133 -1824.55
134 -1822.3
135 -1809.7
136 -1801.2
137 -1800.55
138 -1857.05
139 -1855.6
140 -1811.85
141 -1847.15
142 -1872
143 -1869.25
144 -1875.1
145 -1942.1
146 -1968.5
147 -1982.6
148 -1901.45
149 -1933.35
150 -1978.75
151 -1965.35
152 -1895.2
153 -1879.75
154 -1907.55
155 -2004.45
156 -2068.05
157 -2129.55
158 -1953.4
159 -1962.6
160 -1925.8
161 -1899.6
162 -1931.6
163 -1945.7
164 -1857.9
165 -1880.5
166 -1895.05
167 -1921.05
168 -1926
169 -1930.45
170 -1935.85
171 -2023.25
172 -1947.35
173 -1922.45
174 -1922.5
175 -1941.25
176 -1898.5
177 -1869.2
178 -1891.1
179 -1866.75
180 -1888.05
181 -1863.55
182 -1893.55
183 -1885.3
184 -1815.35
185 -1784.3
186 -1878.7
187 -1874.2
188 -1883.85
189 -1857.5
190 -1906.65
191 -1900.25
192 -1920.3
193 -1878.4
194 -1853.7
195 -1851.95
196 -1833.7
197 -1831
198 -1830.65
199 -1755.7
200 -1700.8
201 -1656.2
202 -1700.55
203 -1733.9
204 -1729.1
205 -1650.9
206 -1643.2
207 -1651.7
208 -1671.65
209 -1653.6
210 -1679.65
211 -1636.3
212 -1625.6
213 -1630.05
214 -1632.3
215 -1640.7
216 -1621.25
217 -1645.75
218 -1586.1
219 -1635.15
220 -1613.7
221 -1615.3
222 -1665.1
223 -1859.05
224 -1828
225 -1793.8
226 -1790.95
227 -1936.5
228 -2351.1
229 -2275.5
230 -2275.45
231 -2208
232 -2241.55
233 -2245.25
234 -2255.2
235 -2270.4
236 -2343.55
237 -2332.1
238 -2285.85
239 -2147.4
240 -2156
241 -2171.6
242 -2227.4
243 -2194.8
244 -2158.5
245 -2206.9
246 -2275.85
